0 0.4757 0.1530 0.8751
1 0.1883 0.0962 0.9490
2 0.1628 0.0921 0.9487
3 0.1494 0.0841 0.9507
4 0.1332 0.0822 0.9572
5 0.1291 0.0774 0.9548
6 0.1257 0.0779 0.9583
7 0.1249 0.0807 0.9585
8 0.1171 0.0696 0.9578
9 0.1198 0.0711 0.9562
10 0.1109 0.0678 0.9583
11 0.1128 0.0689 0.9608
12 0.1061 0.0708 0.9623
13 0.1099 0.0722 0.9592
14 0.1087 0.0696 0.9607
15 0.1054 0.0707 0.9607
16 0.1081 0.0675 0.9595
17 0.1070 0.0628 0.9605
18 0.0967 0.0625 0.9638
19 0.0995 0.0672 0.9627
20 0.0974 0.0615 0.9613
21 0.0996 0.0678 0.9628
22 0.0998 0.0742 0.9628
23 0.0982 0.0605 0.9597
24 0.0930 0.0626 0.9615
25 0.0966 0.0684 0.9638
26 0.0978 0.0623 0.9640
27 0.0986 0.0683 0.9643
28 0.0911 0.0651 0.9662
29 0.0928 0.0641 0.9617
30 0.0957 0.0688 0.9625
31 0.0949 0.0616 0.9622
32 0.0930 0.0622 0.9630
33 0.0947 0.0674 0.9630
34 0.0932 0.0710 0.9638
35 0.0901 0.0662 0.9663
36 0.0874 0.0625 0.9643
37 0.0925 0.0574 0.9635
38 0.0898 0.0732 0.9657
39 0.0876 0.0664 0.9665
40 0.0926 0.0840 0.9642
41 0.0881 0.0734 0.9667
42 0.0869 0.0688 0.9657
43 0.0880 0.0694 0.9635
44 0.0859 0.0691 0.9680
45 0.0913 0.0668 0.9642
46 0.0927 0.0690 0.9630
47 0.0877 0.0680 0.9660
48 0.0834 0.0605 0.9677
49 0.0877 0.0693 0.9657
50 0.0897 0.0570 0.9645
51 0.0816 0.0569 0.9678
52 0.0856 0.0648 0.9675
53 0.0811 0.0561 0.9692
54 0.0799 0.0630 0.9688
55 0.0823 0.0534 0.9657
56 0.0895 0.0704 0.9652
57 0.0791 0.0646 0.9678
58 0.0788 0.0600 0.9693
59 0.0720 0.0599 0.9717
60 0.0731 0.0537 0.9708
61 0.0719 0.0552 0.9713
62 0.0792 0.0508 0.9690
63 0.0734 0.0510 0.9685
