0 0.0124
1 0.0062
2 0.0054
3 0.0047
4 0.0044
5 0.0042
6 0.0038
7 0.0035
8 0.0034
9 0.0034
10 0.0032
11 0.0028
12 0.0027
13 0.0029
14 0.0031
15 0.0027
16 0.0026
17 0.0026
18 0.0025
19 0.0030
20 0.0024
21 0.0025
22 0.0024
23 0.0024
24 0.0023
25 0.0023
26 0.0025
27 0.0024
28 0.0024
29 0.0027
30 0.0024
31 0.0024
32 0.0023
33 0.0022
34 0.0022
35 0.0023
36 0.0025
37 0.0023
38 0.0023
39 0.0023
40 0.0021
41 0.0022
42 0.0021
43 0.0021
44 0.0022
45 0.0021
46 0.0021
47 0.0021
48 0.0021
49 0.0021
50 0.0020
51 0.0021
52 0.0020
