0 0.6189 0.0059 0.7353
1 0.4925 0.0039 0.7813
2 0.4620 0.0035 0.7943
3 0.4320 0.0032 0.8026
4 0.4181 0.0031 0.8124
5 0.4009 0.0029 0.8262
6 0.3593 0.0026 0.8453
7 0.3625 0.0026 0.8449
8 0.3638 0.0031 0.8426
9 0.3469 0.0026 0.8538
10 0.3257 0.0024 0.8616
11 0.3342 0.0026 0.8605
12 0.3098 0.0024 0.8708
13 0.3057 0.0023 0.8740
14 0.2871 0.0021 0.8832
15 0.3146 0.0022 0.8693
16 0.2822 0.0021 0.8847
17 0.2857 0.0025 0.8832
18 0.2721 0.0021 0.8857
19 0.2646 0.0021 0.8924
20 0.2641 0.0021 0.8944
21 0.2607 0.0020 0.8940
22 0.2591 0.0019 0.8925
23 0.2481 0.0019 0.9008
24 0.2579 0.0020 0.8944
25 0.2469 0.0020 0.9003
26 0.2381 0.0019 0.9068
27 0.2498 0.0020 0.8995
28 0.2386 0.0019 0.8988
29 0.2795 0.0022 0.8892
30 0.2445 0.0020 0.9035
31 0.2288 0.0018 0.9068
32 0.2356 0.0018 0.9054
33 0.2331 0.0018 0.9083
34 0.2302 0.0019 0.9048
35 0.2204 0.0018 0.9091
36 0.2189 0.0017 0.9092
37 0.2251 0.0017 0.9079
38 0.2273 0.0018 0.9106
39 0.2089 0.0017 0.9142
40 0.2149 0.0018 0.9128
41 0.2155 0.0017 0.9135
42 0.2016 0.0017 0.9196
43 0.2147 0.0017 0.9110
44 0.2009 0.0017 0.9176
45 0.2106 0.0017 0.9150
46 0.1951 0.0016 0.9223
47 0.1951 0.0016 0.9219
48 0.1936 0.0017 0.9219
49 0.2055 0.0017 0.9146
50 0.1946 0.0017 0.9231
51 0.2014 0.0017 0.9192
52 0.1901 0.0016 0.9234
53 0.1858 0.0016 0.9243
54 0.1971 0.0016 0.9194
55 0.1910 0.0016 0.9244
56 0.1871 0.0016 0.9255
57 0.1769 0.0016 0.9288
58 0.1972 0.0016 0.9223
59 0.1758 0.0016 0.9317
60 0.1917 0.0017 0.9231
61 0.2366 0.0018 0.9094
62 0.1904 0.0016 0.9207
63 0.1746 0.0015 0.9291
64 0.1752 0.0016 0.9302
65 0.1850 0.0016 0.9266
66 0.1702 0.0015 0.9314
67 0.1711 0.0016 0.9307
68 0.1860 0.0017 0.9250
69 0.1834 0.0015 0.9276
70 0.1797 0.0016 0.9280
71 0.1674 0.0015 0.9307
72 0.2000 0.0016 0.9159
73 0.1815 0.0015 0.9264
74 0.1643 0.0015 0.9342
75 0.1574 0.0016 0.9377
76 0.1688 0.0016 0.9351
77 0.1730 0.0018 0.9327
78 0.1575 0.0016 0.9387
