0 0.1992
1 0.1087
2 0.1016
3 0.0966
4 0.0951
5 0.0909
6 0.0909
7 0.0890
8 0.0869
9 0.0880
10 0.0873
11 0.0847
12 0.0846
13 0.0872
14 0.0856
15 0.0833
16 0.0833
17 0.0844
18 0.0822
19 0.0833
20 0.0813
21 0.0816
22 0.0795
23 0.0811
24 0.0798
25 0.0804
26 0.0777
27 0.0839
28 0.0797
29 0.0775
30 0.0781
31 0.0786
32 0.0791
33 0.0770
34 0.0768
35 0.0779
36 0.0777
37 0.0780
38 0.0786
39 0.0772
40 0.0774
41 0.0770
42 0.0788
43 0.0750
44 0.0750
45 0.0751
46 0.0764
47 0.0768
48 0.0750
49 0.0735
50 0.0741
51 0.0727
52 0.0729
53 0.0734
54 0.0737
55 0.0727
56 0.0726
57 0.0766
58 0.0740
59 0.0733
60 0.0737
61 0.0733
62 0.0718
63 0.0732
64 0.0736
65 0.0720
66 0.0706
67 0.0716
68 0.0732
69 0.0709
70 0.0715
71 0.0712
72 0.0706
73 0.0708
74 0.0708
75 0.0712
76 0.0709
77 0.0725
78 0.0707
79 0.0703
80 0.0711
81 0.0698
82 0.0701
83 0.0701
84 0.0698
85 0.0689
86 0.0683
87 0.0690
88 0.0709
89 0.0683
90 0.0697
91 0.0685
92 0.0704
93 0.0700
94 0.0693
95 0.0689
96 0.0688
97 0.0695
98 0.0694
99 0.0688
100 0.0681
101 0.0688
102 0.0689
103 0.0683
104 0.0677
105 0.0686
106 0.0682
107 0.0683
108 0.0670
109 0.0681
110 0.0685
111 0.0683
112 0.0676
113 0.0673
114 0.0669
115 0.0668
116 0.0675
117 0.0684
118 0.0661
119 0.0674
120 0.0674
121 0.0667
122 0.0663
123 0.0667
124 0.0664
125 0.0674
126 0.0659
127 0.0667
128 0.0660
129 0.0666
130 0.0662
131 0.0653
132 0.0661
133 0.0665
134 0.0654
135 0.0655
136 0.0657
137 0.0650
138 0.0663
139 0.0662
140 0.0640
141 0.0656
142 0.0661
143 0.0648
144 0.0650
145 0.0657
146 0.0676
147 0.0650
148 0.0656
149 0.0652
150 0.0650
151 0.0639
152 0.0655
153 0.0647
154 0.0642
155 0.0650
156 0.0651
157 0.0641
158 0.0645
159 0.0647
160 0.0647
161 0.0638
162 0.0636
163 0.0650
164 0.0650
165 0.0649
166 0.0641
167 0.0623
168 0.0639
169 0.0642
170 0.0635
171 0.0639
172 0.0637
173 0.0654
174 0.0643
175 0.0641
176 0.0627
177 0.0649
178 0.0629
179 0.0640
180 0.0635
181 0.0627
182 0.0622
183 0.0643
184 0.0634
185 0.0626
186 0.0646
187 0.0629
188 0.0640
189 0.0618
190 0.0633
191 0.0621
192 0.0624
193 0.0621
194 0.0620
195 0.0620
196 0.0643
197 0.0626
198 0.0618
199 0.0624
200 0.0618
201 0.0620
202 0.0615
203 0.0618
204 0.0639
205 0.0625
206 0.0616
207 0.0622
208 0.0605
209 0.0619
210 0.0616
211 0.0616
212 0.0616
213 0.0630
214 0.0620
215 0.0612
216 0.0608
217 0.0618
218 0.0612
219 0.0614
220 0.0618
221 0.0617
222 0.0619
223 0.0612
224 0.0603
225 0.0605
226 0.0622
227 0.0604
228 0.0612
229 0.0609
230 0.0608
231 0.0601
232 0.0617
233 0.0610
234 0.0605
235 0.0600
236 0.0600
237 0.0589
238 0.0621
239 0.0614
240 0.0616
241 0.0602
242 0.0612
243 0.0606
244 0.0601
245 0.0598
246 0.0600
247 0.0608
248 0.0597
249 0.0592
250 0.0602
251 0.0594
252 0.0597
253 0.0597
254 0.0601
255 0.0601
256 0.0613
257 0.0613
258 0.0601
259 0.0600
260 0.0611
261 0.0601
262 0.0613
263 0.0590
264 0.0591
265 0.0597
266 0.0615
267 0.0600
268 0.0593
269 0.0595
270 0.0586
271 0.0586
272 0.0596
273 0.0587
274 0.0601
275 0.0594
276 0.0598
277 0.0579
278 0.0601
279 0.0581
280 0.0584
281 0.0583
282 0.0592
283 0.0580
284 0.0590
285 0.0594
286 0.0596
287 0.0600
288 0.0585
289 0.0586
290 0.0586
291 0.0598
292 0.0582
293 0.0581
294 0.0582
295 0.0582
296 0.0576
297 0.0581
298 0.0587
299 0.0598
300 0.0588
301 0.0574
302 0.0588
303 0.0583
304 0.0585
305 0.0574
306 0.0588
307 0.0591
308 0.0586
309 0.0585
310 0.0568
311 0.0584
312 0.0572
313 0.0578
314 0.0579
315 0.0572
316 0.0575
317 0.0576
318 0.0571
319 0.0577
320 0.0576
321 0.0571
322 0.0574
323 0.0571
324 0.0576
325 0.0581
326 0.0572
327 0.0566
328 0.0576
329 0.0574
330 0.0574
331 0.0574
332 0.0571
333 0.0582
334 0.0569
335 0.0573
336 0.0570
337 0.0563
338 0.0569
339 0.0575
340 0.0570
341 0.0568
342 0.0563
343 0.0560
344 0.0570
345 0.0568
346 0.0580
347 0.0570
348 0.0576
349 0.0561
350 0.0572
351 0.0570
352 0.0560
353 0.0576
354 0.0574
355 0.0560
356 0.0567
357 0.0568
358 0.0572
359 0.0567
360 0.0567
361 0.0562
362 0.0557
363 0.0560
364 0.0571
365 0.0567
366 0.0574
367 0.0566
368 0.0560
369 0.0563
370 0.0568
371 0.0558
372 0.0567
373 0.0554
374 0.0558
375 0.0555
376 0.0561
377 0.0557
378 0.0558
379 0.0563
380 0.0554
381 0.0550
382 0.0566
383 0.0564
384 0.0562
385 0.0549
386 0.0561
387 0.0556
388 0.0563
389 0.0563
390 0.0554
391 0.0561
392 0.0561
393 0.0562
394 0.0566
395 0.0556
396 0.0553
397 0.0555
398 0.0546
399 0.0559
400 0.0560
401 0.0541
402 0.0552
403 0.0542
404 0.0558
405 0.0559
406 0.0561
407 0.0555
408 0.0547
409 0.0553
410 0.0551
411 0.0540
412 0.0545
413 0.0554
414 0.0549
415 0.0567
416 0.0551
417 0.0550
418 0.0548
419 0.0548
420 0.0556
421 0.0549
422 0.0539
423 0.0554
424 0.0550
425 0.0565
426 0.0551
427 0.0553
428 0.0552
429 0.0552
430 0.0544
431 0.0543
432 0.0539
433 0.0544
434 0.0545
435 0.0543
436 0.0544
437 0.0545
438 0.0540
439 0.0547
440 0.0545
441 0.0545
442 0.0543
443 0.0533
444 0.0558
445 0.0541
446 0.0544
447 0.0543
448 0.0535
449 0.0532
450 0.0549
451 0.0553
452 0.0543
453 0.0539
454 0.0537
455 0.0543
456 0.0552
457 0.0541
458 0.0541
459 0.0545
460 0.0533
461 0.0533
462 0.0530
463 0.0533
464 0.0523
465 0.0536
466 0.0542
467 0.0538
468 0.0539
469 0.0531
470 0.0539
471 0.0518
472 0.0530
