0 1.0310 0.1620 0.5817
1 0.6303 0.1382 0.7374
2 0.5059 0.1254 0.7891
3 0.4587 0.1151 0.8020
4 0.4287 0.1088 0.8165
5 0.4146 0.1035 0.8211
6 0.3974 0.1030 0.8264
7 0.3976 0.1006 0.8186
8 0.3848 0.0953 0.8255
9 0.3803 0.0936 0.8323
10 0.3708 0.0918 0.8359
11 0.3601 0.0917 0.8396
12 0.3569 0.0870 0.8397
13 0.3495 0.0883 0.8544
14 0.3505 0.0869 0.8420
15 0.3431 0.0847 0.8479
16 0.3368 0.0838 0.8489
17 0.3425 0.0835 0.8462
18 0.3334 0.0850 0.8519
19 0.3273 0.0815 0.8538
20 0.3281 0.0812 0.8554
21 0.3280 0.0801 0.8609
22 0.3202 0.0799 0.8603
23 0.3305 0.0791 0.8561
24 0.3217 0.0789 0.8638
25 0.3205 0.0789 0.8538
26 0.3162 0.0766 0.8584
27 0.3100 0.0795 0.8704
28 0.3111 0.0771 0.8624
29 0.3128 0.0773 0.8643
30 0.3051 0.0765 0.8657
31 0.3004 0.0767 0.8744
32 0.3039 0.0759 0.8706
33 0.3040 0.0761 0.8685
34 0.2923 0.0761 0.8708
