0 0.7215 0.0090 0.6830
1 0.5175 0.0048 0.7733
2 0.4751 0.0045 0.7887
3 0.4766 0.0046 0.7909
4 0.4426 0.0040 0.7972
5 0.4405 0.0042 0.8018
6 0.4290 0.0039 0.8106
7 0.4287 0.0039 0.8127
8 0.4355 0.0040 0.8152
9 0.4012 0.0038 0.8321
10 0.4071 0.0037 0.8329
11 0.3815 0.0033 0.8427
12 0.3719 0.0033 0.8486
13 0.3654 0.0032 0.8497
14 0.3657 0.0034 0.8492
15 0.3414 0.0031 0.8628
16 0.3368 0.0030 0.8634
17 0.3504 0.0031 0.8625
18 0.3277 0.0029 0.8696
19 0.3211 0.0028 0.8706
20 0.3469 0.0033 0.8597
21 0.3527 0.0031 0.8604
22 0.3149 0.0029 0.8702
23 0.3048 0.0028 0.8753
24 0.3260 0.0029 0.8665
25 0.3198 0.0029 0.8682
26 0.2926 0.0028 0.8805
27 0.3128 0.0029 0.8696
28 0.2948 0.0027 0.8801
29 0.2998 0.0027 0.8757
30 0.3119 0.0034 0.8769
31 0.2988 0.0028 0.8773
32 0.3205 0.0030 0.8718
33 0.2956 0.0028 0.8813
34 0.2963 0.0028 0.8800
35 0.2836 0.0026 0.8853
36 0.2890 0.0027 0.8852
37 0.3554 0.0033 0.8542
38 0.3508 0.0036 0.8626
39 0.3127 0.0030 0.8756
40 0.3329 0.0030 0.8684
41 0.2899 0.0028 0.8847
42 0.2953 0.0028 0.8823
43 0.2775 0.0027 0.8891
44 0.2803 0.0026 0.8897
45 0.2809 0.0026 0.8897
46 0.2750 0.0025 0.8845
47 0.2748 0.0026 0.8876
48 0.2609 0.0025 0.8977
49 0.2729 0.0025 0.8865
50 0.2753 0.0026 0.8896
51 0.2680 0.0026 0.8932
52 0.2685 0.0025 0.8903
53 0.2775 0.0026 0.8919
54 0.2649 0.0025 0.8928
55 0.2821 0.0027 0.8841
56 0.2861 0.0029 0.8872
57 0.3042 0.0029 0.8784
58 0.2759 0.0026 0.8871
59 0.2774 0.0026 0.8888
60 0.2595 0.0025 0.8993
61 0.2655 0.0027 0.8925
62 0.2526 0.0025 0.8964
63 0.2717 0.0026 0.8905
64 0.2721 0.0027 0.8891
65 0.2529 0.0025 0.8993
66 0.2869 0.0026 0.8863
67 0.2492 0.0024 0.8993
68 0.2639 0.0026 0.8937
69 0.2437 0.0025 0.9005
70 0.4237 0.0039 0.8221
71 0.3424 0.0033 0.8648
72 0.3982 0.0042 0.8343
73 0.3486 0.0031 0.8569
74 0.3303 0.0030 0.8661
75 0.3055 0.0028 0.8748
76 0.3040 0.0028 0.8746
77 0.2840 0.0026 0.8848
78 0.2913 0.0026 0.8816
79 0.2876 0.0027 0.8819
80 0.2958 0.0027 0.8819
81 0.2761 0.0026 0.8868
82 0.2788 0.0027 0.8848
83 0.2890 0.0026 0.8828
84 0.2630 0.0024 0.8940
85 0.2724 0.0026 0.8875
86 0.2583 0.0025 0.8925
87 0.2523 0.0024 0.8992
88 0.3661 0.0052 0.8521
89 0.2926 0.0029 0.8852
90 0.2740 0.0027 0.8877
91 0.2885 0.0028 0.8821
92 0.3019 0.0033 0.8769
93 0.2781 0.0027 0.8869
94 0.2876 0.0027 0.8832
95 0.2613 0.0025 0.8935
96 0.2713 0.0026 0.8925
97 0.2543 0.0025 0.8961
98 0.2568 0.0025 0.8933
99 0.2587 0.0024 0.8948
100 0.2996 0.0029 0.8791
101 0.3132 0.0030 0.8736
102 0.2559 0.0025 0.8963
103 0.2587 0.0024 0.8941
104 0.2958 0.0030 0.8863
105 0.2801 0.0028 0.8855
106 0.2619 0.0026 0.8952
107 0.2566 0.0025 0.8956
108 0.2584 0.0024 0.8959
109 0.2544 0.0026 0.8952
110 0.2550 0.0024 0.8937
111 0.2583 0.0025 0.8948
112 0.2617 0.0025 0.8937
113 0.2578 0.0025 0.8991
114 0.2570 0.0025 0.8957
115 0.2916 0.0029 0.8836
116 0.2575 0.0025 0.8935
117 0.2502 0.0025 0.8923
118 0.2444 0.0024 0.9038
119 0.2469 0.0024 0.8992
120 0.2421 0.0024 0.9039
121 0.2352 0.0024 0.9028
122 0.2361 0.0024 0.9058
123 0.2925 0.0032 0.8829
124 0.3040 0.0029 0.8744
125 0.3015 0.0030 0.8729
126 0.2666 0.0025 0.8927
127 0.2477 0.0024 0.9017
128 0.2768 0.0025 0.8863
129 0.2646 0.0025 0.8896
130 0.2858 0.0025 0.8827
131 0.2478 0.0025 0.8996
132 0.2421 0.0025 0.9021
133 0.2845 0.0033 0.8849
134 0.3105 0.0038 0.8748
135 0.3275 0.0031 0.8661
136 0.2688 0.0026 0.8929
137 0.2613 0.0025 0.8932
138 0.2636 0.0025 0.8895
139 0.2486 0.0024 0.9027
140 0.2925 0.0028 0.8800
141 0.2633 0.0025 0.8915
142 0.2601 0.0025 0.8932
143 0.2486 0.0024 0.9009
144 0.2847 0.0033 0.8836
145 0.2649 0.0027 0.8929
146 0.2527 0.0025 0.8961
147 0.2441 0.0026 0.9005
148 0.2384 0.0026 0.9076
149 0.3109 0.0032 0.8720
150 0.2736 0.0027 0.8879
151 0.2572 0.0026 0.8989
152 0.2811 0.0027 0.8861
153 0.2845 0.0027 0.8843
154 0.2653 0.0025 0.8897
155 0.2332 0.0023 0.9035
156 0.2439 0.0024 0.9012
157 0.2396 0.0024 0.9034
158 0.2366 0.0024 0.9009
159 0.2417 0.0024 0.9024
160 0.2395 0.0024 0.9048
161 0.2287 0.0023 0.9116
162 0.2225 0.0023 0.9088
163 0.2262 0.0023 0.9070
164 0.2266 0.0024 0.9051
165 0.2412 0.0023 0.8995
166 0.2373 0.0024 0.9059
167 0.2268 0.0023 0.9064
168 0.2300 0.0024 0.9092
169 0.2326 0.0024 0.9068
170 0.2756 0.0033 0.8873
171 0.2468 0.0025 0.8987
172 0.2503 0.0025 0.8976
173 0.2486 0.0025 0.9008
174 0.2331 0.0023 0.9060
175 0.2282 0.0026 0.9111
176 0.2754 0.0028 0.8899
177 0.2365 0.0023 0.9068
178 0.3009 0.0029 0.8773
179 0.2423 0.0025 0.9044
180 0.2419 0.0025 0.9047
181 0.2268 0.0023 0.9086
182 0.2282 0.0023 0.9088
183 0.2553 0.0027 0.8972
184 0.2660 0.0025 0.8936
185 0.2382 0.0024 0.9036
186 0.2289 0.0025 0.9066
187 0.2700 0.0039 0.8911
188 0.2483 0.0026 0.9034
189 0.2414 0.0027 0.9046
190 0.2448 0.0024 0.9048
191 0.2312 0.0024 0.9090
192 0.2258 0.0023 0.9082
193 0.2191 0.0024 0.9162
194 0.2569 0.0025 0.8988
195 0.2323 0.0024 0.9092
196 0.2322 0.0024 0.9035
197 0.2201 0.0023 0.9136
198 0.2118 0.0023 0.9152
199 0.2155 0.0023 0.9134
200 0.2185 0.0024 0.9138
201 0.2112 0.0023 0.9158
202 0.2464 0.0025 0.9024
203 0.2127 0.0023 0.9138
204 0.2000 0.0023 0.9174
205 0.2292 0.0025 0.9102
206 0.2172 0.0024 0.9136
207 0.2758 0.0028 0.8899
208 0.2267 0.0024 0.9043
209 0.2202 0.0024 0.9112
210 0.2135 0.0023 0.9162
211 0.2627 0.0026 0.8915
212 0.2288 0.0024 0.9091
213 0.2206 0.0023 0.9146
214 0.2170 0.0024 0.9108
215 0.2135 0.0024 0.9158
216 0.2293 0.0026 0.9088
217 0.2128 0.0026 0.9118
218 0.2184 0.0023 0.9114
219 0.2125 0.0023 0.9167
220 0.2024 0.0023 0.9192
221 0.2098 0.0024 0.9155
222 0.2079 0.0024 0.9179
223 0.2025 0.0023 0.9219
224 0.2148 0.0023 0.9164
225 0.2274 0.0029 0.9123
226 0.2144 0.0024 0.9156
227 0.2044 0.0023 0.9180
228 0.2117 0.0024 0.9147
229 0.2485 0.0031 0.9013
230 0.2213 0.0025 0.9148
231 0.2073 0.0024 0.9174
232 0.2029 0.0023 0.9195
233 0.2120 0.0024 0.9178
234 0.2531 0.0026 0.9005
235 0.2096 0.0024 0.9175
236 0.2082 0.0023 0.9143
237 0.2222 0.0025 0.9120
238 0.2240 0.0024 0.9134
239 0.2155 0.0023 0.9104
240 0.2073 0.0024 0.9180
241 0.2418 0.0025 0.9046
242 0.2093 0.0022 0.9163
243 0.2085 0.0023 0.9186
244 0.1974 0.0023 0.9222
245 0.2149 0.0023 0.9156
246 0.2021 0.0022 0.9191
247 0.1953 0.0022 0.9244
248 0.1983 0.0022 0.9175
249 0.1839 0.0022 0.9267
250 0.2024 0.0023 0.9203
251 0.1953 0.0023 0.9218
252 0.2184 0.0024 0.9187
253 0.1906 0.0022 0.9240
254 0.2327 0.0026 0.9106
255 0.2731 0.0027 0.8911
256 0.2255 0.0026 0.9084
257 0.2048 0.0022 0.9187
258 0.2097 0.0024 0.9192
259 0.2003 0.0023 0.9232
260 0.2026 0.0023 0.9214
261 0.2016 0.0024 0.9212
262 0.1953 0.0023 0.9200
263 0.2223 0.0025 0.9111
264 0.1993 0.0024 0.9231
265 0.1882 0.0022 0.9259
266 0.1853 0.0022 0.9288
267 0.3792 0.0037 0.8467
268 0.2661 0.0027 0.8909
269 0.2321 0.0025 0.9063
270 0.2067 0.0023 0.9176
271 0.2018 0.0022 0.9202
272 0.3052 0.0030 0.8816
273 0.2457 0.0025 0.9046
274 0.2087 0.0023 0.9167
275 0.2086 0.0023 0.9163
276 0.1981 0.0023 0.9232
277 0.2217 0.0024 0.9110
278 0.2046 0.0024 0.9196
279 0.2002 0.0023 0.9191
280 0.1833 0.0022 0.9286
281 0.2243 0.0025 0.9107
282 0.2000 0.0023 0.9215
283 0.2364 0.0030 0.9056
284 0.2118 0.0025 0.9140
285 0.2043 0.0023 0.9158
286 0.1943 0.0022 0.9226
287 0.2751 0.0027 0.8825
288 0.2262 0.0024 0.9088
289 0.2077 0.0023 0.9142
290 0.2156 0.0023 0.9107
291 0.2003 0.0023 0.9195
292 0.1986 0.0023 0.9206
293 0.1907 0.0022 0.9242
294 0.1878 0.0022 0.9246
295 0.1905 0.0023 0.9255
296 0.2348 0.0025 0.9056
297 0.1888 0.0022 0.9264
298 0.2622 0.0042 0.8960
299 0.2275 0.0032 0.9140
300 0.1953 0.0025 0.9235
301 0.1947 0.0024 0.9238
302 0.1899 0.0024 0.9228
303 0.1853 0.0023 0.9248
304 0.1894 0.0023 0.9274
305 0.1800 0.0023 0.9275
306 0.1850 0.0023 0.9242
307 0.3094 0.0029 0.8724
308 0.2235 0.0024 0.9046
309 0.2110 0.0025 0.9154
310 0.1981 0.0023 0.9238
311 0.2200 0.0024 0.9091
312 0.2048 0.0023 0.9203
313 0.2013 0.0023 0.9223
314 0.1908 0.0023 0.9283
315 0.2004 0.0026 0.9215
316 0.2052 0.0024 0.9184
317 0.2380 0.0026 0.9042
318 0.1877 0.0023 0.9266
319 0.1866 0.0023 0.9266
320 0.3868 0.0045 0.8417
321 0.3611 0.0036 0.8510
322 0.2788 0.0027 0.8855
323 0.2611 0.0026 0.8968
324 0.2406 0.0025 0.9027
325 0.2218 0.0024 0.9127
326 0.2131 0.0023 0.9136
327 0.2109 0.0024 0.9164
328 0.2069 0.0024 0.9147
329 0.2040 0.0023 0.9190
330 0.2141 0.0025 0.9162
331 0.1840 0.0024 0.9283
332 0.2173 0.0024 0.9146
333 0.2867 0.0030 0.8807
334 0.2317 0.0028 0.9064
335 0.2055 0.0024 0.9155
336 0.2026 0.0024 0.9196
337 0.2005 0.0023 0.9244
338 0.2959 0.0036 0.8824
339 0.2760 0.0029 0.8857
340 0.2161 0.0024 0.9132
341 0.2221 0.0024 0.9142
342 0.2095 0.0023 0.9194
343 0.3182 0.0030 0.8757
344 0.2244 0.0025 0.9106
345 0.2246 0.0024 0.9134
346 0.2044 0.0025 0.9195
347 0.2041 0.0024 0.9203
348 0.2943 0.0027 0.8853
349 0.2126 0.0024 0.9179
350 0.2302 0.0024 0.9096
351 0.2015 0.0023 0.9220
352 0.2074 0.0026 0.9144
353 0.1898 0.0023 0.9228
354 0.1997 0.0025 0.9195
355 0.1943 0.0022 0.9210
356 0.1846 0.0023 0.9252
357 0.1973 0.0024 0.9270
358 0.2036 0.0024 0.9183
359 0.1810 0.0022 0.9271
360 0.2425 0.0029 0.9050
361 0.2793 0.0029 0.8901
362 0.2239 0.0025 0.9094
363 0.2001 0.0023 0.9203
364 0.1871 0.0023 0.9294
365 0.1957 0.0023 0.9244
366 0.1706 0.0022 0.9341
367 0.1788 0.0022 0.9280
368 0.1841 0.0022 0.9294
369 0.2032 0.0025 0.9172
370 0.1840 0.0023 0.9280
371 0.1844 0.0023 0.9299
372 0.2515 0.0028 0.9046
373 0.2310 0.0029 0.9059
374 0.2021 0.0025 0.9215
375 0.1969 0.0025 0.9243
376 0.2042 0.0024 0.9179
377 0.1764 0.0023 0.9284
378 0.1738 0.0022 0.9330
379 0.1702 0.0022 0.9329
380 0.1759 0.0022 0.9310
381 0.2726 0.0029 0.8941
382 0.2065 0.0024 0.9188
383 0.2436 0.0024 0.9048
384 0.2027 0.0024 0.9242
385 0.2013 0.0023 0.9227
386 0.2229 0.0030 0.9118
387 0.1941 0.0024 0.9243
388 0.1681 0.0023 0.9345
389 0.1806 0.0023 0.9284
390 0.3745 0.0034 0.8465
391 0.2658 0.0027 0.8907
392 0.2661 0.0028 0.8927
393 0.3148 0.0033 0.8725
394 0.2440 0.0026 0.9009
395 0.2468 0.0026 0.9005
396 0.2190 0.0024 0.9134
397 0.1946 0.0023 0.9216
398 0.2140 0.0024 0.9118
399 0.1871 0.0024 0.9262
400 0.1871 0.0023 0.9279
401 0.1791 0.0022 0.9275
402 0.2651 0.0036 0.8979
403 0.2178 0.0027 0.9147
404 0.2335 0.0026 0.9076
405 0.1895 0.0023 0.9219
406 0.1898 0.0023 0.9259
407 0.1882 0.0024 0.9250
408 0.1923 0.0024 0.9203
409 0.1924 0.0023 0.9295
410 0.2210 0.0024 0.9114
411 0.1729 0.0022 0.9343
412 0.1756 0.0022 0.9302
413 0.1704 0.0022 0.9361
414 0.1738 0.0023 0.9330
415 0.2313 0.0031 0.9058
416 0.2775 0.0031 0.8875
