0 0.6858 0.0069 0.6954
1 0.5046 0.0039 0.7733
2 0.4679 0.0038 0.7896
3 0.4533 0.0036 0.7946
4 0.4256 0.0032 0.8118
5 0.4187 0.0032 0.8175
6 0.3970 0.0031 0.8262
7 0.3786 0.0028 0.8437
8 0.3677 0.0026 0.8455
9 0.3603 0.0026 0.8530
10 0.3454 0.0025 0.8620
11 0.3284 0.0024 0.8649
12 0.3381 0.0024 0.8593
13 0.3171 0.0022 0.8721
14 0.3212 0.0022 0.8669
15 0.3052 0.0022 0.8752
16 0.2917 0.0022 0.8839
17 0.2969 0.0020 0.8809
18 0.2928 0.0020 0.8808
19 0.2912 0.0020 0.8832
20 0.2869 0.0020 0.8865
21 0.2947 0.0020 0.8783
22 0.3024 0.0023 0.8752
23 0.2847 0.0020 0.8868
24 0.2746 0.0019 0.8864
25 0.2743 0.0020 0.8897
26 0.2638 0.0019 0.8927
27 0.2765 0.0021 0.8887
28 0.2699 0.0020 0.8916
29 0.2608 0.0019 0.8888
30 0.2580 0.0019 0.8952
31 0.2570 0.0019 0.8976
32 0.2607 0.0019 0.8925
33 0.2547 0.0018 0.8940
34 0.3245 0.0026 0.8738
35 0.2917 0.0023 0.8840
36 0.2692 0.0020 0.8909
37 0.2648 0.0019 0.8933
38 0.2519 0.0019 0.8965
39 0.2422 0.0020 0.9020
40 0.2445 0.0019 0.8995
41 0.2489 0.0018 0.8987
42 0.2561 0.0019 0.8971
43 0.3000 0.0023 0.8772
44 0.2612 0.0020 0.8943
45 0.2627 0.0022 0.8969
46 0.2520 0.0020 0.8977
47 0.2822 0.0027 0.8859
48 0.2932 0.0021 0.8804
49 0.2660 0.0020 0.8948
