0 0.7765 0.0078 0.6612
1 0.6727 0.0054 0.7075
2 0.6498 0.0052 0.7130
3 0.6050 0.0047 0.7295
4 0.5827 0.0043 0.7394
5 0.5718 0.0042 0.7437
6 0.5576 0.0041 0.7508
7 0.5583 0.0041 0.7502
8 0.5551 0.0041 0.7521
9 0.5464 0.0040 0.7570
10 0.5570 0.0042 0.7521
11 0.5313 0.0038 0.7601
12 0.5174 0.0038 0.7684
13 0.5232 0.0038 0.7651
14 0.5284 0.0042 0.7659
15 0.5194 0.0039 0.7676
16 0.5205 0.0038 0.7649
17 0.5049 0.0038 0.7767
18 0.5160 0.0040 0.7687
19 0.4931 0.0036 0.7795
20 0.4857 0.0035 0.7893
21 0.4815 0.0035 0.7848
22 0.4734 0.0034 0.7908
23 0.4683 0.0034 0.7918
24 0.4636 0.0034 0.7990
25 0.4671 0.0034 0.7983
26 0.4499 0.0034 0.8067
27 0.4571 0.0033 0.8027
28 0.4455 0.0033 0.8043
29 0.4605 0.0038 0.7975
30 0.4503 0.0035 0.7996
31 0.4249 0.0032 0.8146
32 0.4291 0.0032 0.8112
33 0.4209 0.0033 0.8146
34 0.4210 0.0033 0.8120
35 0.4113 0.0032 0.8211
36 0.4194 0.0033 0.8184
37 0.3989 0.0032 0.8282
38 0.3992 0.0030 0.8281
39 0.3885 0.0032 0.8297
40 0.3841 0.0031 0.8345
41 0.3887 0.0030 0.8289
42 0.4073 0.0033 0.8215
43 0.3872 0.0031 0.8349
44 0.3702 0.0029 0.8393
45 0.3679 0.0030 0.8378
