0 1.0188 0.2128 0.5852
1 0.6002 0.1354 0.7450
2 0.4885 0.1134 0.7828
3 0.4439 0.1081 0.8077
4 0.4215 0.1061 0.8136
5 0.4046 0.1031 0.8207
6 0.3887 0.0983 0.8277
7 0.3845 0.0994 0.8329
8 0.3778 0.0978 0.8361
9 0.3737 0.0974 0.8384
10 0.3595 0.0910 0.8455
11 0.3546 0.0935 0.8432
12 0.3487 0.0921 0.8506
13 0.3499 0.0901 0.8451
14 0.3477 0.0882 0.8531
15 0.3448 0.0902 0.8458
16 0.3358 0.0925 0.8567
17 0.3365 0.0900 0.8506
18 0.3277 0.0884 0.8565
19 0.3345 0.0872 0.8559
20 0.3238 0.0910 0.8546
21 0.3152 0.0842 0.8613
22 0.3138 0.0885 0.8668
23 0.3166 0.0872 0.8590
24 0.3128 0.0866 0.8641
25 0.3037 0.0881 0.8740
26 0.3084 0.0852 0.8655
27 0.3090 0.0857 0.8649
28 0.3021 0.0859 0.8683
29 0.3079 0.0819 0.8662
30 0.3022 0.0880 0.8666
31 0.3021 0.0847 0.8660
32 0.2994 0.0848 0.8697
33 0.2988 0.0852 0.8704
34 0.2932 0.0844 0.8739
35 0.2899 0.0776 0.8773
36 0.2941 0.0815 0.8702
37 0.2893 0.0827 0.8739
38 0.2883 0.0844 0.8765
39 0.2858 0.0819 0.8780
40 0.2824 0.0804 0.8796
41 0.2822 0.0855 0.8775
42 0.2760 0.0854 0.8826
43 0.2775 0.0819 0.8824
44 0.2769 0.0812 0.8824
45 0.2804 0.0864 0.8807
46 0.2735 0.0835 0.8803
47 0.2747 0.0806 0.8803
48 0.2758 0.0793 0.8815
49 0.2723 0.0854 0.8840
50 0.2695 0.0773 0.8838
51 0.2708 0.0825 0.8841
52 0.2638 0.0810 0.8859
53 0.2679 0.0765 0.8872
54 0.2675 0.0819 0.8824
55 0.2648 0.0791 0.8857
56 0.2647 0.0747 0.8910
57 0.2626 0.0829 0.8887
58 0.2625 0.0786 0.8861
59 0.2578 0.0791 0.8876
60 0.2570 0.0796 0.8902
61 0.2565 0.0807 0.8914
62 0.2485 0.0813 0.8948
63 0.2516 0.0807 0.8942
64 0.2494 0.0755 0.8979
65 0.2596 0.0816 0.8859
66 0.2502 0.0804 0.8948
67 0.2479 0.0777 0.8929
68 0.2496 0.0805 0.8948
69 0.2465 0.0743 0.8935
70 0.2435 0.0811 0.8981
71 0.2421 0.0768 0.8954
72 0.2485 0.0779 0.8948
73 0.2400 0.0731 0.8984
74 0.2456 0.0857 0.8952
75 0.2440 0.0778 0.8931
76 0.2443 0.0798 0.8977
77 0.2432 0.0799 0.8990
78 0.2452 0.0762 0.8954
79 0.2399 0.0774 0.8990
80 0.2336 0.0794 0.8979
81 0.2364 0.0740 0.8977
82 0.2318 0.0764 0.9026
83 0.2393 0.0803 0.8994
84 0.2319 0.0808 0.9042
85 0.2337 0.0812 0.9024
86 0.2337 0.0724 0.8988
87 0.2340 0.0825 0.8965
88 0.2381 0.0770 0.8929
89 0.2289 0.0765 0.9026
90 0.2248 0.0817 0.9062
91 0.2309 0.0779 0.9038
92 0.2304 0.0751 0.9005
93 0.2197 0.0821 0.9072
94 0.2268 0.0806 0.9019
95 0.2259 0.0770 0.9026
96 0.2287 0.0776 0.9053
97 0.2259 0.0771 0.9064
98 0.2269 0.0750 0.9011
99 0.2251 0.0776 0.9042
100 0.2213 0.0796 0.9076
101 0.2247 0.0790 0.9021
102 0.2224 0.0741 0.9026
103 0.2267 0.0753 0.9015
104 0.2190 0.0809 0.9042
105 0.2184 0.0753 0.9051
106 0.2162 0.0794 0.9047
107 0.2201 0.0753 0.9022
