0 0.6990 0.0069 0.6903
1 0.5216 0.0044 0.7707
2 0.4717 0.0036 0.7852
3 0.4627 0.0036 0.7952
4 0.4474 0.0034 0.8038
5 0.4279 0.0033 0.8106
6 0.4570 0.0038 0.8004
7 0.4089 0.0031 0.8229
8 0.4010 0.0029 0.8302
9 0.3889 0.0028 0.8365
10 0.3635 0.0026 0.8490
11 0.3662 0.0025 0.8505
12 0.3779 0.0027 0.8407
13 0.3637 0.0026 0.8530
14 0.3369 0.0025 0.8606
15 0.3240 0.0022 0.8646
16 0.3249 0.0022 0.8669
17 0.3314 0.0024 0.8630
18 0.3148 0.0023 0.8706
19 0.2921 0.0021 0.8823
20 0.3024 0.0021 0.8732
21 0.2976 0.0024 0.8795
22 0.3132 0.0023 0.8712
23 0.3078 0.0021 0.8737
24 0.3081 0.0022 0.8751
25 0.2999 0.0022 0.8772
26 0.3185 0.0024 0.8684
27 0.2869 0.0021 0.8845
28 0.2847 0.0021 0.8835
29 0.2764 0.0020 0.8901
30 0.2740 0.0020 0.8855
31 0.2808 0.0021 0.8879
32 0.2813 0.0021 0.8877
33 0.2781 0.0020 0.8851
34 0.2695 0.0020 0.8888
35 0.2708 0.0020 0.8916
36 0.2537 0.0018 0.8939
37 0.2671 0.0019 0.8901
38 0.2442 0.0019 0.8995
39 0.2850 0.0022 0.8813
40 0.2713 0.0020 0.8859
41 0.2635 0.0020 0.8977
42 0.2590 0.0019 0.8964
43 0.2690 0.0021 0.8911
44 0.2537 0.0018 0.8971
45 0.2652 0.0020 0.8943
46 0.2541 0.0020 0.8956
47 0.2687 0.0020 0.8900
48 0.2604 0.0020 0.8951
49 0.2630 0.0020 0.8925
50 0.2589 0.0020 0.8963
51 0.2688 0.0021 0.8879
52 0.2485 0.0019 0.9043
53 0.2596 0.0020 0.8943
54 0.2395 0.0019 0.9019
55 0.2798 0.0022 0.8871
56 0.2719 0.0021 0.8929
57 0.2533 0.0019 0.8960
58 0.2495 0.0019 0.8993
59 0.2417 0.0019 0.9021
