0 0.6423 0.7220
1 0.5109 0.7660
2 0.4866 0.7715
3 0.4510 0.7887
4 0.4050 0.8173
5 0.3805 0.8321
6 0.3598 0.8399
7 0.3421 0.8541
8 0.3343 0.8563
9 0.3066 0.8694
10 0.3203 0.8571
11 0.3077 0.8692
12 0.2992 0.8776
13 0.2887 0.8784
14 0.2832 0.8784
15 0.2777 0.8844
16 0.2673 0.8837
17 0.2746 0.8817
18 0.2592 0.8899
19 0.2476 0.8939
20 0.2534 0.8963
21 0.2445 0.8973
22 0.2517 0.8933
23 0.2344 0.9010
24 0.2191 0.9090
25 0.2313 0.9068
26 0.2203 0.9062
27 0.2312 0.9025
28 0.2336 0.9078
29 0.2205 0.9093
30 0.2103 0.9147
31 0.2184 0.9097
32 0.2135 0.9105
33 0.2131 0.9132
34 0.2075 0.9120
35 0.2130 0.9118
36 0.2019 0.9165
37 0.1989 0.9209
38 0.1978 0.9162
39 0.1917 0.9215
40 0.1900 0.9215
41 0.1960 0.9205
42 0.1911 0.9205
43 0.1868 0.9220
44 0.1823 0.9269
45 0.1902 0.9229
46 0.1879 0.9234
47 0.1741 0.9277
48 0.1777 0.9236
49 0.1724 0.9312
50 0.1691 0.9297
51 0.1750 0.9316
52 0.1744 0.9284
53 0.1697 0.9297
54 0.1609 0.9341
55 0.1582 0.9324
56 0.1518 0.9388
57 0.1586 0.9341
58 0.1624 0.9326
59 0.1486 0.9408
60 0.1526 0.9379
61 0.1503 0.9378
62 0.1602 0.9326
63 0.1470 0.9430
64 0.1394 0.9471
65 0.1389 0.9478
66 0.1392 0.9440
67 0.1326 0.9483
68 0.1316 0.9473
69 0.1366 0.9431
70 0.1255 0.9533
71 0.1309 0.9465
72 0.1188 0.9491
73 0.1404 0.9441
74 0.1241 0.9520
75 0.1153 0.9563
76 0.1161 0.9510
77 0.1112 0.9578
78 0.1202 0.9537
79 0.0996 0.9588
80 0.1115 0.9580
81 0.1077 0.9567
82 0.1046 0.9599
83 0.1067 0.9567
84 0.0998 0.9617
85 0.0981 0.9632
86 0.1025 0.9604
87 0.0895 0.9644
88 0.0879 0.9686
89 0.0820 0.9694
90 0.0891 0.9665
91 0.0851 0.9669
92 0.1017 0.9588
93 0.0899 0.9662
94 0.0746 0.9731
95 0.0710 0.9732
96 0.0849 0.9670
97 0.0748 0.9706
98 0.0652 0.9754
99 0.0648 0.9762
100 0.0764 0.9712
101 0.0680 0.9764
102 0.0636 0.9762
103 0.0586 0.9789
104 0.0655 0.9761
105 0.0572 0.9801
106 0.0670 0.9761
107 0.0570 0.9788
108 0.0561 0.9781
109 0.0562 0.9788
110 0.0470 0.9833
111 0.0582 0.9783
112 0.0626 0.9761
113 0.0548 0.9796
114 0.0553 0.9798
115 0.0501 0.9839
116 0.0543 0.9804
117 0.0434 0.9859
118 0.0426 0.9861
119 0.0495 0.9839
120 0.0409 0.9861
121 0.0407 0.9861
122 0.0461 0.9826
123 0.0514 0.9819
124 0.0447 0.9856
125 0.0441 0.9849
126 0.0352 0.9868
127 0.0305 0.9898
128 0.0388 0.9866
129 0.0387 0.9863
130 0.0442 0.9861
131 0.0468 0.9828
132 0.0467 0.9843
133 0.0488 0.9821
134 0.0378 0.9865
135 0.0306 0.9896
136 0.0322 0.9903
137 0.0491 0.9819
138 0.0316 0.9891
139 0.0358 0.9881
140 0.0302 0.9906
141 0.0391 0.9846
142 0.0349 0.9895
143 0.0367 0.9865
144 0.0386 0.9875
145 0.0397 0.9853
146 0.0386 0.9866
147 0.0322 0.9886
148 0.0305 0.9911
149 0.0241 0.9923
150 0.0278 0.9911
151 0.0350 0.9888
152 0.0297 0.9895
153 0.0379 0.9868
154 0.0324 0.9878
155 0.0293 0.9905
156 0.0315 0.9881
157 0.0319 0.9880
158 0.0209 0.9938
159 0.0416 0.9853
160 0.0372 0.9873
161 0.0275 0.9906
162 0.0323 0.9905
163 0.0206 0.9941
164 0.0228 0.9928
165 0.0347 0.9873
166 0.0334 0.9896
167 0.0277 0.9911
168 0.0346 0.9886
169 0.0491 0.9814
170 0.0232 0.9938
171 0.0359 0.9873
172 0.0277 0.9926
173 0.0307 0.9911
174 0.0293 0.9900
175 0.0284 0.9915
176 0.0322 0.9903
177 0.0277 0.9915
178 0.0236 0.9918
179 0.0352 0.9900
180 0.0320 0.9891
181 0.0407 0.9861
182 0.0330 0.9896
183 0.0235 0.9935
184 0.0248 0.9928
185 0.0213 0.9945
