0 0.1813
1 0.1123
2 0.0979
3 0.0922
4 0.0892
5 0.0897
6 0.0884
7 0.0850
8 0.0837
9 0.0833
10 0.0815
11 0.0823
12 0.0808
13 0.0814
14 0.0798
15 0.0794
16 0.0800
17 0.0791
18 0.0796
19 0.0770
20 0.0780
21 0.0775
22 0.0771
23 0.0772
24 0.0749
25 0.0755
26 0.0757
27 0.0757
28 0.0758
29 0.0747
30 0.0743
31 0.0732
32 0.0740
33 0.0740
34 0.0740
35 0.0741
36 0.0734
37 0.0719
38 0.0720
39 0.0722
40 0.0711
41 0.0721
42 0.0707
43 0.0715
44 0.0702
45 0.0706
46 0.0704
47 0.0706
48 0.0704
49 0.0706
50 0.0700
51 0.0703
52 0.0712
53 0.0704
54 0.0703
55 0.0692
56 0.0693
57 0.0696
58 0.0684
59 0.0684
60 0.0689
61 0.0685
62 0.0664
63 0.0673
64 0.0712
65 0.0679
66 0.0673
67 0.0690
68 0.0681
69 0.0700
70 0.0694
71 0.0683
72 0.0685
73 0.0682
74 0.0676
75 0.0667
76 0.0673
77 0.0662
78 0.0673
79 0.0671
80 0.0664
81 0.0678
82 0.0670
83 0.0670
84 0.0662
85 0.0653
86 0.0667
87 0.0665
88 0.0663
89 0.0654
90 0.0652
91 0.0665
92 0.0656
93 0.0658
94 0.0662
95 0.0653
96 0.0651
97 0.0665
98 0.0651
99 0.0646
100 0.0668
