0 1.0796 0.1797 0.5699
1 0.6668 0.1693 0.7336
2 0.5479 0.1703 0.7656
3 0.4861 0.1584 0.7904
4 0.4381 0.1486 0.8138
5 0.4235 0.1385 0.8171
6 0.4141 0.1345 0.8253
7 0.4106 0.1282 0.8190
8 0.3889 0.1212 0.8375
9 0.3834 0.1212 0.8325
10 0.3741 0.1141 0.8352
11 0.3723 0.1103 0.8380
12 0.3621 0.1080 0.8455
13 0.3591 0.1060 0.8409
14 0.3570 0.1033 0.8439
15 0.3540 0.1014 0.8466
16 0.3451 0.1002 0.8479
17 0.3433 0.0964 0.8548
18 0.3335 0.0950 0.8514
19 0.3315 0.0928 0.8577
20 0.3305 0.0930 0.8531
21 0.3257 0.0900 0.8586
22 0.3302 0.0893 0.8586
23 0.3246 0.0888 0.8592
24 0.3247 0.0888 0.8592
25 0.3134 0.0846 0.8609
26 0.3096 0.0859 0.8611
27 0.3164 0.0836 0.8605
28 0.3127 0.0825 0.8634
29 0.3053 0.0837 0.8729
30 0.3083 0.0822 0.8638
31 0.3027 0.0800 0.8679
32 0.3038 0.0787 0.8678
33 0.3049 0.0787 0.8693
34 0.3014 0.0794 0.8676
35 0.2930 0.0765 0.8714
36 0.2948 0.0778 0.8723
37 0.2965 0.0767 0.8750
38 0.2924 0.0768 0.8779
39 0.2939 0.0743 0.8742
40 0.2897 0.0737 0.8788
41 0.2833 0.0730 0.8769
42 0.2842 0.0744 0.8740
43 0.2928 0.0726 0.8760
44 0.2827 0.0735 0.8836
45 0.2866 0.0719 0.8801
46 0.2783 0.0714 0.8817
47 0.2885 0.0689 0.8731
48 0.2800 0.0707 0.8805
49 0.2811 0.0708 0.8779
50 0.2744 0.0690 0.8834
51 0.2709 0.0700 0.8845
52 0.2827 0.0694 0.8809
53 0.2713 0.0692 0.8838
54 0.2790 0.0681 0.8792
55 0.2714 0.0681 0.8866
56 0.2695 0.0679 0.8843
57 0.2710 0.0666 0.8851
58 0.2672 0.0649 0.8883
59 0.2700 0.0672 0.8830
60 0.2627 0.0652 0.8901
61 0.2700 0.0656 0.8834
62 0.2604 0.0657 0.8876
63 0.2603 0.0652 0.8893
64 0.2559 0.0653 0.8908
65 0.2632 0.0654 0.8855
66 0.2617 0.0658 0.8887
67 0.2582 0.0654 0.8914
68 0.2560 0.0628 0.8923
69 0.2545 0.0640 0.8885
70 0.2610 0.0636 0.8855
71 0.2547 0.0645 0.8920
72 0.2535 0.0629 0.8935
73 0.2533 0.0628 0.8881
74 0.2514 0.0641 0.8923
75 0.2536 0.0623 0.8904
76 0.2543 0.0619 0.8920
77 0.2465 0.0614 0.8929
78 0.2420 0.0615 0.9005
79 0.2435 0.0610 0.8933
80 0.2475 0.0612 0.8929
81 0.2453 0.0614 0.8971
82 0.2460 0.0617 0.8937
83 0.2466 0.0620 0.8925
84 0.2401 0.0610 0.8969
85 0.2431 0.0626 0.8950
86 0.2494 0.0613 0.8952
87 0.2409 0.0613 0.8969
88 0.2379 0.0588 0.8986
89 0.2410 0.0594 0.8996
90 0.2390 0.0596 0.8977
91 0.2403 0.0587 0.8958
92 0.2370 0.0598 0.9000
93 0.2352 0.0573 0.9003
94 0.2400 0.0596 0.8962
95 0.2360 0.0580 0.8971
96 0.2341 0.0594 0.9011
97 0.2340 0.0580 0.9007
98 0.2279 0.0590 0.9034
99 0.2325 0.0590 0.9013
100 0.2302 0.0593 0.9011
101 0.2277 0.0582 0.9002
102 0.2236 0.0592 0.9070
103 0.2346 0.0585 0.8998
104 0.2272 0.0597 0.9038
105 0.2297 0.0598 0.8992
106 0.2255 0.0590 0.9064
107 0.2260 0.0593 0.9057
108 0.2240 0.0579 0.9106
109 0.2230 0.0583 0.9038
110 0.2231 0.0585 0.9074
111 0.2278 0.0594 0.9017
112 0.2223 0.0596 0.9074
113 0.2173 0.0581 0.9083
114 0.2269 0.0582 0.9005
115 0.2149 0.0599 0.9129
116 0.2201 0.0583 0.9066
117 0.2234 0.0573 0.9089
118 0.2187 0.0584 0.9064
119 0.2205 0.0613 0.9053
120 0.2196 0.0571 0.9076
121 0.2151 0.0591 0.9080
