0 1.6715 0.1518 0.1280
1 1.6709 0.1516 0.1282
2 1.6738 0.1519 0.1256
3 1.6741 0.1517 0.1311
4 1.6733 0.1519 0.1326
5 1.6759 0.1519 0.1263
6 1.6702 0.1519 0.1319
7 1.6723 0.1518 0.1307
8 1.6704 0.1518 0.1280
9 1.6730 0.1517 0.1279
10 1.6714 0.1518 0.1336
11 1.6742 0.1520 0.1242
12 1.6714 0.1516 0.1223
13 1.6721 0.1519 0.1292
14 1.6727 0.1518 0.1273
15 1.6704 0.1519 0.1210
16 1.6731 0.1520 0.1284
17 1.6712 0.1518 0.1275
18 1.6734 0.1520 0.1250
19 1.6736 0.1518 0.1288
20 1.6705 0.1517 0.1309
21 1.6701 0.1520 0.1324
22 1.6733 0.1520 0.1265
23 1.6724 0.1519 0.1214
24 1.6698 0.1519 0.1305
25 1.6710 0.1519 0.1292
26 1.6711 0.1518 0.1275
27 1.6744 0.1518 0.1242
28 1.6699 0.1516 0.1332
29 1.6743 0.1520 0.1204
30 1.6734 0.1521 0.1307
31 1.6707 0.1518 0.1326
32 1.6729 0.1520 0.1330
33 1.6696 0.1517 0.1326
34 1.6749 0.1518 0.1214
35 1.6729 0.1518 0.1292
36 1.6739 0.1520 0.1321
37 1.6720 0.1519 0.1334
38 1.6705 0.1518 0.1288
39 1.6706 0.1517 0.1298
40 1.6717 0.1517 0.1305
41 1.6717 0.1519 0.1242
42 1.6728 0.1517 0.1254
43 1.6724 0.1519 0.1313
44 1.6710 0.1517 0.1389
45 1.6718 0.1520 0.1284
46 1.6737 0.1518 0.1229
47 1.6715 0.1519 0.1300
48 1.6715 0.1519 0.1338
