0 1.6098 0.3858 0.1984
1 1.6108 0.3172 0.1978
2 1.6130 0.2966 0.2001
3 1.6154 0.2968 0.2001
4 1.6158 0.3021 0.2001
5 1.6144 0.3047 0.2001
6 1.6086 0.2999 0.2001
7 1.5841 0.2713 0.2001
8 1.5205 0.2084 0.2001
9 1.4353 0.1725 0.2226
10 1.3422 0.1539 0.3140
11 1.2571 0.1395 0.4266
12 1.1762 0.1250 0.4718
13 1.0914 0.1215 0.5156
14 1.0127 0.1242 0.5583
15 0.9296 0.1235 0.6132
16 0.8495 0.1238 0.6389
17 0.7699 0.1199 0.6608
18 0.7100 0.1131 0.6862
19 0.6761 0.1102 0.6940
20 0.6438 0.1043 0.6991
21 0.6249 0.0999 0.7033
22 0.6187 0.0995 0.7024
23 0.5780 0.0937 0.7342
24 0.5592 0.0897 0.7401
25 0.5632 0.0898 0.7403
26 0.5447 0.0854 0.7458
27 0.5417 0.0861 0.7525
28 0.5243 0.0837 0.7561
29 0.5144 0.0811 0.7660
30 0.4993 0.0818 0.7765
31 0.4926 0.0798 0.7809
32 0.4955 0.0803 0.7795
33 0.4809 0.0783 0.7912
34 0.4933 0.0776 0.7786
35 0.4613 0.0761 0.7995
36 0.4705 0.0767 0.7995
37 0.4465 0.0765 0.8041
38 0.4611 0.0756 0.7997
39 0.4424 0.0742 0.8096
40 0.4435 0.0747 0.8129
