0 1.4848 0.1870 0.2784
1 1.1151 0.1286 0.5577
2 0.7503 0.1375 0.6709
3 0.5592 0.1266 0.7277
4 0.5113 0.1147 0.7555
5 0.4544 0.1095 0.7967
6 0.4226 0.1041 0.8140
7 0.4117 0.1038 0.8115
8 0.3766 0.0979 0.8363
9 0.3757 0.0968 0.8344
10 0.3661 0.0949 0.8449
11 0.3483 0.0885 0.8464
12 0.3386 0.0892 0.8498
13 0.3417 0.0889 0.8485
14 0.3195 0.0877 0.8643
15 0.3155 0.0857 0.8609
16 0.2997 0.0843 0.8721
17 0.3046 0.0818 0.8666
18 0.2965 0.0833 0.8746
19 0.2887 0.0812 0.8815
20 0.2803 0.0803 0.8801
21 0.2808 0.0793 0.8851
22 0.2766 0.0790 0.8853
23 0.2714 0.0782 0.8901
24 0.2654 0.0758 0.8862
25 0.2657 0.0766 0.8883
26 0.2702 0.0765 0.8880
27 0.2568 0.0749 0.8914
28 0.2563 0.0774 0.8897
29 0.2571 0.0748 0.8906
30 0.2555 0.0745 0.8904
31 0.2416 0.0727 0.8956
32 0.2417 0.0725 0.8977
33 0.2355 0.0723 0.8965
34 0.2336 0.0724 0.9028
35 0.2343 0.0729 0.8992
36 0.2390 0.0721 0.8992
37 0.2352 0.0707 0.9019
38 0.2277 0.0713 0.9045
39 0.2359 0.0705 0.8956
40 0.2193 0.0692 0.9087
