0 1.1357 0.1962 0.4720
1 0.5323 0.1435 0.7361
2 0.4578 0.1267 0.7822
3 0.4070 0.1173 0.8207
4 0.3795 0.1096 0.8378
5 0.3622 0.1064 0.8434
6 0.3512 0.1025 0.8478
7 0.3302 0.0981 0.8599
8 0.3029 0.0939 0.8712
9 0.3195 0.0922 0.8638
10 0.3098 0.0955 0.8708
11 0.2979 0.0881 0.8710
12 0.2802 0.0881 0.8847
13 0.2823 0.0847 0.8798
14 0.2770 0.0858 0.8807
15 0.2798 0.0841 0.8817
16 0.2635 0.0835 0.8872
17 0.2705 0.0819 0.8855
18 0.2704 0.0818 0.8870
19 0.2573 0.0788 0.8946
20 0.2522 0.0785 0.8933
21 0.2539 0.0800 0.8921
22 0.2460 0.0774 0.9011
23 0.2471 0.0788 0.8971
24 0.2463 0.0775 0.8962
25 0.2467 0.0791 0.9005
26 0.2402 0.0774 0.8988
27 0.2299 0.0760 0.9040
28 0.2233 0.0750 0.9104
29 0.2376 0.0751 0.9009
30 0.2299 0.0763 0.8998
31 0.2310 0.0754 0.9032
32 0.2334 0.0748 0.9017
33 0.2155 0.0733 0.9089
34 0.2201 0.0729 0.9080
35 0.2141 0.0725 0.9057
36 0.2192 0.0728 0.9030
37 0.2147 0.0732 0.9064
38 0.2196 0.0728 0.9036
39 0.2158 0.0737 0.9072
40 0.2174 0.0709 0.9137
41 0.2096 0.0700 0.9097
42 0.2144 0.0714 0.9085
43 0.2021 0.0711 0.9146
44 0.1932 0.0696 0.9167
45 0.2097 0.0705 0.9053
46 0.1982 0.0682 0.9165
47 0.2060 0.0684 0.9125
48 0.1961 0.0686 0.9156
49 0.1985 0.0680 0.9139
50 0.1995 0.0687 0.9150
51 0.1913 0.0681 0.9169
52 0.1913 0.0698 0.9171
53 0.1876 0.0683 0.9205
54 0.2002 0.0681 0.9144
55 0.1788 0.0679 0.9228
56 0.1880 0.0672 0.9204
57 0.1843 0.0670 0.9188
58 0.1858 0.0671 0.9207
59 0.1857 0.0671 0.9202
60 0.1849 0.0667 0.9217
61 0.1873 0.0668 0.9202
62 0.1808 0.0656 0.9232
63 0.1862 0.0664 0.9188
64 0.1773 0.0649 0.9240
65 0.1793 0.0660 0.9230
66 0.1723 0.0655 0.9238
67 0.1714 0.0639 0.9282
68 0.1681 0.0635 0.9299
69 0.1703 0.0643 0.9263
70 0.1690 0.0655 0.9255
71 0.1710 0.0638 0.9291
