0 0.6298 0.0060 0.7254
1 0.5010 0.0040 0.7819
2 0.4842 0.0038 0.7813
3 0.4484 0.0035 0.7970
4 0.4374 0.0032 0.8115
5 0.4151 0.0030 0.8213
6 0.3736 0.0030 0.8363
7 0.3579 0.0027 0.8467
8 0.3374 0.0024 0.8556
9 0.3297 0.0024 0.8604
10 0.3196 0.0023 0.8641
11 0.3290 0.0027 0.8593
12 0.3271 0.0025 0.8610
13 0.3129 0.0024 0.8748
14 0.2888 0.0022 0.8828
15 0.2909 0.0022 0.8807
16 0.2902 0.0021 0.8812
17 0.2705 0.0020 0.8965
18 0.2580 0.0019 0.8953
19 0.2923 0.0022 0.8789
20 0.2751 0.0021 0.8876
21 0.2578 0.0021 0.8997
22 0.2549 0.0019 0.8980
23 0.2435 0.0019 0.9013
24 0.2428 0.0018 0.9027
25 0.2379 0.0018 0.9043
26 0.2333 0.0018 0.9051
27 0.2348 0.0018 0.9036
28 0.2248 0.0018 0.9094
29 0.2204 0.0017 0.9099
30 0.2761 0.0021 0.8900
31 0.2314 0.0018 0.9050
32 0.2372 0.0019 0.9051
33 0.2295 0.0018 0.9070
34 0.2146 0.0017 0.9142
35 0.2282 0.0018 0.9090
36 0.2289 0.0017 0.9104
37 0.2125 0.0017 0.9124
38 0.2138 0.0017 0.9170
39 0.2071 0.0017 0.9175
40 0.2019 0.0017 0.9216
41 0.2008 0.0019 0.9215
42 0.2079 0.0017 0.9159
43 0.2013 0.0016 0.9188
44 0.2176 0.0017 0.9139
45 0.2018 0.0017 0.9202
46 0.1994 0.0016 0.9214
47 0.1976 0.0016 0.9214
48 0.1961 0.0016 0.9212
49 0.1972 0.0016 0.9227
50 0.2033 0.0016 0.9210
51 0.1912 0.0016 0.9246
52 0.2011 0.0017 0.9198
53 0.1906 0.0016 0.9238
54 0.1920 0.0016 0.9258
55 0.2010 0.0018 0.9216
56 0.1832 0.0016 0.9270
57 0.1880 0.0016 0.9228
58 0.1849 0.0015 0.9272
59 0.1939 0.0015 0.9254
60 0.1888 0.0015 0.9239
