0 0.1494
1 0.1150
2 0.1044
3 0.0963
4 0.0952
5 0.0931
6 0.0885
7 0.0882
8 0.0842
9 0.0839
10 0.0824
11 0.0818
12 0.0803
13 0.0785
14 0.0784
15 0.0791
16 0.0794
17 0.0774
18 0.0758
19 0.0769
20 0.0737
21 0.0743
22 0.0743
23 0.0737
24 0.0727
25 0.0713
26 0.0715
27 0.0710
28 0.0705
29 0.0710
30 0.0692
31 0.0697
32 0.0699
33 0.0704
34 0.0694
35 0.0676
36 0.0687
37 0.0676
38 0.0662
39 0.0667
40 0.0676
41 0.0659
42 0.0680
43 0.0667
44 0.0653
45 0.0657
46 0.0652
47 0.0650
48 0.0642
49 0.0651
50 0.0644
51 0.0649
52 0.0636
53 0.0630
54 0.0634
55 0.0642
56 0.0631
57 0.0635
58 0.0635
59 0.0626
60 0.0634
61 0.0634
62 0.0628
63 0.0619
64 0.0617
65 0.0620
66 0.0610
67 0.0617
68 0.0620
69 0.0611
70 0.0617
71 0.0612
72 0.0616
73 0.0606
74 0.0611
75 0.0597
76 0.0614
77 0.0619
78 0.0605
79 0.0590
80 0.0604
81 0.0600
82 0.0599
83 0.0600
84 0.0599
85 0.0598
86 0.0598
87 0.0604
88 0.0597
89 0.0600
90 0.0597
91 0.0591
92 0.0595
93 0.0592
94 0.0597
95 0.0594
96 0.0597
97 0.0591
98 0.0585
99 0.0582
100 0.0588
101 0.0579
102 0.0595
103 0.0582
104 0.0575
105 0.0591
106 0.0586
107 0.0583
108 0.0577
109 0.0574
110 0.0580
111 0.0579
112 0.0587
113 0.0569
114 0.0573
115 0.0578
116 0.0583
117 0.0575
118 0.0584
119 0.0576
120 0.0573
121 0.0575
122 0.0570
123 0.0583
124 0.0580
125 0.0566
126 0.0563
127 0.0562
